468 131 20 1 5 1
778 47 20 2 8 1
846 287 20 3 7 1
743 237 20 4 7 1
584 426 20 5 7 1
630 501 20 6 0 1
605 254 20 7 7 1
248 435 20 8 7 1
827 414 20 9 0 1
119 324 20 10 7 1
433 312 20 11 7 1
728 381 20 12 5 1
730 482 20 13 5 1
192 38 20 14 5 1
288 186 20 15 5 1
276 283 20 16 7 1
108 195 20 17 5 1
418 519 20 18 6 1
307 55 20 19 5 1
380 37 20 20 5 1
*
1 2 0 0
2 3 3 20
3 4 3 66
4 2 0 10
5 6 0 0
5 7 3 3
7 4 3 50
11 1 2 17
10 8 3 0
5 4 0 16
9 3 0 0
8 11 0 -7
7 11 0 -77
15 16 2 14
17 15 2 0
17 14 2 0
16 10 3 0
16 11 3 0
18 8 3 18
11 5 3 17
13 12 2 0
12 5 2 31
19 17 2 0
20 1 2 0
